[photo.jpg]
moddate=0000000000000000
width=3264
height=2448
textactive=0
crop=rect64(10001)
[photo_5-001.jpg]
filters=crop64=1,2b304311d126bf94;enhance=1;
crop=rect64(2b304311d126bf94)
moddate=00003172cfcd0000
width=2448
height=1836
textactive=0
[photo_1-001.jpg]
filters=crop64=1,37ec233ed3fff372;enhance=1;tilt=1,0.106676,0.000000;crop64=1,38142373d3fff372;tilt=1,-0.011897,0.000000;enhance=1;
crop=rect64(38142373d3fff372)
moddate=00005b7acfcd0000
width=3264
height=2448
textactive=0
